         100   3.3332863942917044     
         200   2.9891218042902734     
         300   2.9003253433994449     
         400   2.8658249626655534     
         500   2.8973357630458474     
         600   2.9016219067900186     
         700   2.8978475446853329     
         800   2.9027599641194559     
         900   2.9168613816701034     
        1000   2.9243069483905919     
        1100   2.5573235495617297     
        1200   2.3894317052858347     
        1300   2.4177184269886061     
        1400   2.3691083072766230     
        1500   2.3755777752880860     
        1600   2.3626946447967558     
        1700   2.3691635835121612     
        1800   2.3661061475388161     
        1900   2.3661147141027135     
        2000   2.3726435682641305     
        2100   2.3631458980643614     
        2200   2.3693085746774782     
        2300   2.3867283482820825     
        2400   2.3819179488307851     
        2500   2.3729108377001933     
        2600   2.3798562572444482     
        2700   2.3714228151051286     
        2800   2.3678546169072443     
        2900   2.3797879274808071     
        3000   2.3687679321646682     
         100   3.3332863942917044     
         200   3.0445087597753782     
         300   2.9912333799745778     
         400   2.9412821684947259     
         500   2.9404744176797362     
         600   2.9546802581387750     
         700   2.9536806283376840     
         800   2.9575463571492628     
         900   2.9641134675086187     
        1000   2.9745260839837280     
        1100   2.6291012829002125     
        1200   2.4970136098656384     
        1300   2.5390745421547214     
        1400   2.5082641476889247     
        1500   2.5070283183530888     
        1600   2.4831908955371187     
        1700   2.4807893245142032     
        1800   2.4699756499793888     
        1900   2.4627949106254530     
        2000   2.4653280016267716     
        2100   2.4693598858747148     
        2200   2.4838998460665698     
        2300   2.4866506605791390     
        2400   2.4927939776825729     
        2500   2.4858343063258834     
        2600   2.4871460288494918     
        2700   2.4792624712743452     
        2800   2.4806613056461537     
        2900   2.4806131973790175     
        3000   2.4738485501848912     
         100   3.3332863942917044     
         200   3.0445087597753782     
         300   2.9912333799745778     
         400   2.9412821684947259     
         500   2.9404744176797362     
         600   2.9546802581387750     
         700   2.9536806283376840     
         800   2.9575463571492628     
         900   2.9641134675086187     
        1000   2.9745260839837280     
        1100   2.6291012829002125     
        1200   2.4970136098656384     
        1300   2.5390745421547214     
        1400   2.5082641476889247     
        1500   2.5070283183530888     
        1600   2.4831908955371187     
        1700   2.4807893245142032     
        1800   2.4699756499793888     
        1900   2.4627949106254530     
        2000   2.4653280016267716     
        2100   2.4693598858747148     
        2200   2.4838998460665698     
        2300   2.4866506605791390     
        2400   2.4927939776825729     
        2500   2.4858343063258834     
        2600   2.4871460288494918     
        2700   2.4792624712743452     
        2800   2.4806613056461537     
        2900   2.4806131973790175     
        3000   2.4738485501848912     
        3100   2.5620602154129140     
        3200   2.5614725019029363     
        3300   2.5434379101713875     
        3400   2.5524878643729121     
        3500   2.5483236721430078     
        3600   2.5524824254072334     
        3700   2.5553548669186830     
        3800   2.5540621752393511     
        3900   2.5485112619558596     
        4000   2.5839054346672854     
        4100   2.6065246987201287     
        4200   2.5612016807171374     
        4300   2.5585236890128282     
        4400   2.5471719957075152     
        4500   2.5375947806338734     
        4600   2.5415486841430899     
        4700   2.5461149524069593     
        4800   2.5475788170258844     
        4900   2.5430854078685980     
        5000   2.5363669276497731     
        5100   2.3066470713788192     
        5200   2.3146452566063727     
        5300   2.3189271728612182     
        5400   2.3482091787874859     
        5500   2.3255334464614377     
        5600   2.3316504766092532     
        5700   2.3432318077868737     
        5800   2.3481048100577477     
        5900   2.3405906046232143     
        6000   2.3456543752339765     
         100   3.3332863942917044     
         200   3.0445087597753782     
         300   2.9912333799745778     
         400   2.9412821684947259     
         500   2.9404744176797362     
         600   2.9546802581387750     
         700   2.9536806283376840     
         800   2.9575463571492628     
         900   2.9641134675086187     
        1000   2.9745260839837280     
        1100   2.6291012829002125     
        1200   2.4970136098656384     
        1300   2.5390745421547214     
        1400   2.5082641476889247     
        1500   2.5070283183530888     
        1600   2.4831908955371187     
        1700   2.4807893245142032     
        1800   2.4699756499793888     
        1900   2.4627949106254530     
        2000   2.4653280016267716     
        2100   2.4693598858747148     
        2200   2.4838998460665698     
        2300   2.4866506605791390     
        2400   2.4927939776825729     
        2500   2.4858343063258834     
        2600   2.4871460288494918     
        2700   2.4792624712743452     
        2800   2.4806613056461537     
        2900   2.4806131973790175     
        3000   2.4738485501848912     
        3100   2.5620602154129140     
        3200   2.5614725019029363     
        3300   2.5434379101713875     
        3400   2.5524878643729121     
        3500   2.5483236721430078     
        3600   2.5524824254072334     
        3700   2.5553548669186830     
        3800   2.5540621752393511     
        3900   2.5485112619558596     
        4000   2.5839054346672854     
        4100   2.6065246987201287     
        4200   2.5612016807171374     
        4300   2.5585236890128282     
        4400   2.5471719957075152     
        4500   2.5375947806338734     
        4600   2.5415486841430899     
        4700   2.5461149524069593     
        4800   2.5475788170258844     
        4900   2.5430854078685980     
        5000   2.5363669276497731     
        5100   2.3066470713788192     
        5200   2.3146452566063727     
        5300   2.3189271728612182     
        5400   2.3482091787874859     
        5500   2.3255334464614377     
        5600   2.3316504766092532     
        5700   2.3432318077868737     
        5800   2.3481048100577477     
        5900   2.3405906046232143     
        6000   2.3456543752339765     
