         100   4.1337828234979010     
         200   3.8792466430264669     
         300   3.8190725829996590     
         400   3.8620739714872299     
         500   3.8553971136693441     
         600   3.8540730445895006     
         700   3.8617987758712791     
         800   3.8701601529397136     
         900   3.8650370987665541     
        1000   3.8919460442833334     
        1100   3.7506945482583034     
        1200   3.4183254137561221     
        1300   3.4588890863510011     
        1400   3.3897716651927414     
        1500   3.3814401026215215     
        1600   3.3632409992337924     
        1700   3.3470751159380319     
        1800   3.3469375933046068     
        1900   3.3548804044941569     
        2000   3.3582084992073278     
        2100   3.3553528817515810     
        2200   3.3473141869629623     
        2300   3.3479656969799394     
        2400   3.3574516094926681     
        2500   3.3577001562682751     
        2600   3.3578764599240785     
        2700   3.3483219751722935     
        2800   3.3472526491333445     
        2900   3.3460462736980086     
        3000   3.3350025130840670     
        3100   3.3445603881811614     
        3200   3.3488896219402191     
        3300   3.3508295012112983     
        3400   3.3564823119684668     
        3500   3.3664359434904902     
        3600   3.3533432860038372     
        3700   3.3426737087386669     
        3800   3.3506102875721626     
        3900   3.3377852103816896     
        4000   3.3324325047790953     
        4100   3.3525381503944627     
        4200   3.3493726087170521     
        4300   3.3559408022214083     
        4400   3.3491112605093294     
        4500   3.3497615582259495     
        4600   3.3424311449118971     
        4700   3.3466767156968418     
        4800   3.3451534358360062     
        4900   3.3547731266534822     
        5000   3.3563416451084453     
        5100   3.0433853021525059     
        5200   3.0552216462696515     
        5300   3.0646824791105560     
        5400   3.0673352451394846     
        5500   3.0637358805821795     
        5600   3.0750095965440809     
        5700   3.0616669229520102     
        5800   3.0631204421160785     
        5900   3.0743935313334885     
        6000   3.0574871679604620     
        6100   3.0654435727304845     
        6200   3.0742831372405606     
        6300   3.0589536830656541     
        6400   3.0606165743310347     
        6500   3.0711587425600242     
        6600   3.0626351136931347     
        6700   3.0562500806184469     
        6800   3.0668813751719308     
        6900   3.0629452186087698     
        7000   3.0554642878085896     
        7100   3.0735760015324143     
        7200   3.0655615245278378     
        7300   3.0485720798458225     
        7400   3.0640633525749870     
        7500   3.0546710045343146     
        7600   3.0419561804966233     
        7700   3.0478067871478149     
        7800   3.0588872524577377     
        7900   3.0363671817332891     
        8000   3.0504602350786043     
        8100   3.0595846550936181     
        8200   3.0474854881355258     
        8300   3.0576431571130738     
        8400   3.0614217338199996     
        8500   3.0348697963214852     
        8600   3.0623842943046320     
        8700   3.0578196740768542     
        8800   3.0407383337857441     
        8900   3.0495067505968572     
        9000   3.0556612411417148     
        9100   3.0262945012074014     
        9200   3.0391760389193454     
        9300   3.0426768431731399     
        9400   3.0407725413936970     
        9500   3.0333977313383751     
        9600   3.0406688831228252     
        9700   3.0523464959613218     
        9800   3.0233671340886192     
        9900   3.0446755768200791     
       10000   3.0442124258124803     
         100   3.9325623752053089     
         100   3.9325623752053089     
         100   3.9325623752053089     
         200   3.6798210807123319     
         300   3.6374050846015278     
         400   3.6111687405534596     
         500   3.5986430951311532     
         100   4.1431493262285221E-002
         100   4.1431493262285221E-002
         100   4.6789846574045640E-002
         100   4.6789846574045640E-002
         100   4.6789846574045640E-002
         100   4.6789846574045640E-002
         100   4.6789846574045640E-002
         100   4.6789846574045640E-002
         100   4.6789846574045640E-002
         100   4.6789846574045640E-002
         100   4.6789846574045640E-002
         100   4.6789846574045640E-002
         100   4.6789846574045640E-002
         100   4.6789846574045640E-002
         100   4.6789846574045640E-002
         100   4.6789846574045640E-002
         100   4.6789846574045640E-002
         100   4.6789846574045640E-002
         100   4.6789846574045640E-002
         100   4.6789846574045640E-002
         100   4.6789846574045640E-002
         100   4.6789846574045640E-002
         100   4.6789846574045640E-002
         100   4.6789846574045640E-002
         100   4.6789846574045640E-002
         100   4.6789846574045640E-002
         100   4.6789846574045640E-002
         100   4.6789846574045640E-002
         100   4.6789846574045640E-002
         100   4.6789846574045640E-002
         100   4.6789846574045640E-002
         100   4.6789846574045640E-002
         100   4.6789846574045640E-002
         100   4.6789846574045640E-002
         100   4.6789846574045640E-002
