         100   3.8309473340097409     
         200   3.5134891742920229     
         300   3.5214421220190220     
         400   3.5091505923852386     
         500   3.4915935353327172     
         500   3.3520252208706869     
         600   3.3589095668576618     
         700   3.3610902087645980     
         800   3.3719973537886756     
         900   3.3753979700716799     
        1000   3.3909520761470753     
        1100   3.2860755166700013     
        1200   3.0570154654977406     
        1300   3.0016552295337062     
        1400   2.9802848032407292     
        1400   2.9802848032407292     
        1500   2.9911336824037580     
        1600   2.9542010318589655     
        1700   2.9319301648553648     
        1800   2.9306539449484967     
        1900   2.9269161801173431     
        2000   2.9202031806639717     
        2100   2.9200638533861243     
        2200   2.9210843669287843     
        2300   2.9131934387026330     
        2400   2.9102394882834108     
        2500   2.9184371997177569     
        2600   2.9232974918342918     
        2700   2.9176109452900110     
        2800   2.9210122014879287     
        2900   2.9237368095333776     
        3000   2.9218031852273887     
        3100   2.9214030184395061     
        3200   2.9290177886778417     
        3300   2.9235244666393192     
        3400   2.9309838191505584     
        3500   2.9410037064366983     
        3500   2.9410037064366983     
        3600   2.9487827850984294     
        3700   2.9453268123271257     
        3800   2.9498064887559416     
        3900   2.9614011323435121     
        4000   2.9624158859289254     
        4100   2.9735179190506216     
        4200   2.9710198349290331     
        4300   2.9795863196104535     
        4400   2.9836066232502860     
        4500   2.9869315141456205     
        4600   2.9896800271645518     
        4700   2.9706803064789060     
        4800   2.9695965196518594     
        4900   2.9500108996017538     
        5000   2.9505074056773055     
        5100   2.6711601960671216     
         100   3.6316561438999746     
         200   3.2728065646595277     
         300   3.2755423926305602     
         400   3.2722321279205335     
         500   3.2821054571407284     
         600   3.2893731645120790     
         700   3.2942445122644677     
         800   3.3047708168715553     
         900   3.3097606481427029     
        1000   3.3244832668299664     
        1100   3.2203157109604463     
        1200   3.0050188224085783     
        1300   2.9344524998914139     
        1400   2.9213890888517904     
        1500   2.9341456953020622     
        1600   2.9040045221387123     
        1700   2.8738890468352509     
        1800   2.8816037674859314     
        1900   2.8669526800829077     
        2000   2.8552525946486593     
        2100   2.8600220199973196     
        2200   2.8621655052517121     
        2300   2.8571282584150879     
        2400   2.8568163780048668     
        2500   2.8552207600066963     
        2600   2.8629948472646758     
        2700   2.8678859722438510     
        2800   2.8641208820145492     
        2900   2.8689519952967557     
        3000   2.8649703599974718     
        3100   2.8722154590088631     
        3200   2.8725751704121150     
        3300   2.8699767344071039     
        3400   2.8748532838093230     
        3500   2.8734818731093674     
        3600   2.8798436297566008     
        3700   2.8694395088039708     
        3800   2.8682301911300971     
        3900   2.8657964490840873     
        4000   2.8724881874418853     
        4100   2.8684261050771069     
        4200   2.8740800996682516     
        4300   2.8730383087364646     
        4400   2.8775444071290166     
        4500   2.8895405199431816     
        4600   2.8701846443321011     
        4700   2.8653035403508844     
        4800   2.8660991178428352     
        4900   2.8612577099954137     
        5000   2.8634218977773296     
        5100   2.5939865905076624     
       30000   2.6445826737803766     
       30100   2.6346700780290453     
       30200   2.6532448015627521     
       30300   2.6480713503948370     
       30400   2.6504467777689675     
       30500   2.6341414577907711     
       30600   2.6343285831058392     
       30700   2.6344369354277735     
       30800   2.6406918632555345     
       30900   2.6376181411301891     
       31000   2.6390898805730609     
       31100   2.6425599593940592     
       31200   2.6491110329586731     
       31300   2.6605130763282454     
       31400   2.6536232799683264     
       31500   2.6662732539477396     
       31600   2.6438126037240703     
       31700   2.6540003539582480     
       31800   2.6492863952629411     
       31900   2.6547798865174821     
       32000   2.6368299261799004     
       32100   2.6406053468709985     
       32200   2.6481475576193492     
       32300   2.6596396389258552     
       32400   2.6446365744117188     
       32500   2.6527919149044323     
       32600   2.6719178811362476     
       32700   2.6717886067654617     
       32800   2.6710060035468581     
       32900   2.6677399524134686     
       33000   2.6782322773822407     
       33100   2.6570319851599966     
       33200   2.6588878777079956     
       33300   2.6674846868120552     
       33400   2.6697975451448546     
       33500   2.6490331462732670     
       33600   2.6588788242578660     
       33700   2.6529811827080692     
       33800   2.6590540608342565     
       33900   2.6418631950286495     
       34000   2.6318149524669914     
       34100   2.6473177314446374     
       34200   2.6484240243908088     
       34300   2.6315049903616630     
       34400   2.6368002779078084     
       34500   2.6454426521098870     
       34600   2.6441245053363738     
       34700   2.6401349005693020     
       34800   2.6494040300355537     
       34900   2.6555526666120826     
       35000   2.6643343965427042     
       35100   2.6478297135023308     
       35200   2.6570687973806111     
       35300   2.6655502291848951     
       35400   2.6777517437048646     
       35500   2.6500446637109762     
       35600   2.6653986021882909     
       35700   2.6741653032049801     
       35800   2.6637748392931084     
       35900   2.6676911143475968     
       36000   2.6768673180168481     
       36100   2.6701344439093662     
       36200   2.6588589860091352     
       36300   2.6566629228835255     
       36400   2.6695328179340692     
       36500   2.6600193597514887     
       36600   2.6424742756755069     
       36700   2.6399072421100276     
       36800   2.6412821966683180     
       36900   2.6525086839192151     
       37000   2.6415352686888758     
       37100   2.6403925088126043     
       37200   2.6270200087868369     
       37300   2.6300344057913478     
       37400   2.6214919072162566     
       37500   2.6188166386194318     
       37600   2.6139234621023020     
       37700   2.6241186901618372     
       37800   2.6192514464140300     
       37900   2.6232094704463740     
       38000   2.6187996779908600     
       38100   2.6196495700353344     
       38200   2.6335227845294162     
       38300   2.6348449266362048     
       38400   2.6333122713398320     
       38500   2.6304238734810879     
       38600   2.6305127513896496     
       38700   2.6240847892777941     
       38800   2.6369852988681139     
       38900   2.6273540007456018     
       39000   2.6378888020736024     
       39100   2.6304742125587866     
       39200   2.6354519487419319     
       39300   2.6336306265737908     
       39400   2.6342755297659153     
       39500   2.6334947581249781     
       39600   2.6299846665626494     
       39700   2.6330601898596679     
       39800   2.6354673763974406     
       39900   2.6463516600068360     
       40000   2.6267689645998469     
