         100   3.5675193087738211     
         200   3.2069907689553960     
         300   3.2254396483812200     
         400   3.2359989475813671     
         500   3.2503799815033667     
         600   3.2615543172756651     
         700   3.2641423777865306     
         800   3.2717149010535866     
         900   3.2663169691179954     
        1000   3.2854628586564254     
        1100   2.8813083446299772     
        1200   2.7519116712328588     
        1300   2.7823319082549594     
        1400   2.7516956029887885     
        1500   2.7347340726601304     
        1600   2.7185888738874984     
        1700   2.7031623677406937     
        1800   2.7077672917754696     
        1900   2.7087333529778967     
        2000   2.7200384903043275     
        2100   2.7175236073834559     
        2200   2.7171891591756836     
        2300   2.7134596604448560     
        2400   2.7223702438942539     
        2500   2.7282593837588593     
        2600   2.7243906946788319     
        2700   2.7219682719843408     
        2800   2.7296149817101121     
        2900   2.7400794111177755     
        3000   2.7436958768411248     
        3100   2.7452052529440603     
        3200   2.7496431490676772     
        3300   2.7510546618700342     
        3400   2.7432127970496496     
        3500   2.7388818370709447     
        3600   2.7466223077841128     
        3700   2.7391378341426229     
        3800   2.7305881952907263     
        3900   2.7360040913031272     
        4000   2.7452309084171396     
        4100   2.7500808452020613     
        4200   2.7150975611125423     
        4300   2.7230005878372308     
        4400   2.7345180370623821     
        4500   2.7172902503410485     
        4600   2.7215261835704521     
        4700   2.7341692732666560     
        4800   2.7271671626240028     
        4900   2.7217149688979845     
        5000   2.7200914078819505     
        5100   2.4777348984927574     
        5200   2.4878152507397200     
        5300   2.4918340385856754     
        5400   2.4840948402983045     
        5500   2.4869626771150410     
        5600   2.4958352700228463     
        5700   2.4884426857429371     
        5800   2.4901248093537349     
        5900   2.4937592246976350     
        6000   2.5058162379067643     
